ID|BCode|d|DD|B|Cr|Cor|nlimz|nlimy
1|7000C|10|26|8|4.92|2.25|19000|28000
2|7000AC|10|26|8|4.75|2.12|19000|28000
3|7200C|10|30|9|5.82|2.95|18000|26000
4|7200AC|10|30|9|5.58|2.82|18000|26000
5|700lC|12|28|8|5.42|2.65|18000|26000
6|700lAC|12|28|8|5.20|2.55|18000|26000
7|7201C|12|32|10|7.35|3.52|17000|24000
8|7201AC|12|32|10|7.10|3.35|17000|24000
9|7002C|15|32|9|6.25|3.42|17000|24000
10|7002AC|15|32|9|5.95|3.25|17000|24000
11|7202C|15|35|11|8.68|4.62|16000|22000
12|7202AC|15|35|11|8.35|4.40|16000|22000
13|7003C|17|35|10|6.60|3.85|16000|22000
14|7003AC|17|35|10|6.30|3.68|16000|22000
15|7203C|17|40|12|10.8|5.95|15000|20000
16|7203AC|17|40|12|10.5|5.65|15000|20000
17|7004C|20|42|12|10.5|6.08|14000|19000
18|7004AC|20|42|12|10.0|5.78|14000|19000
19|7204C|20|47|14|14.5|8.22|13000|18000
20|7204AC|20|47|14|14.0|7.82|13000|18000
21|7204B|20|47|14|14.0|7.85|13000|18000
22|7005C|25|47|12|11.5|7.45|12000|17000
23|7005AC|25|47|12|11.2|7.08|12000|17000
24|7205C|25|52|15|16.5|10.5|11000|16000
25|7205AC|25|52|15|15.8|9.88|11000|16000
26|7205B|25|52|15|15.8|9.45|9500|14000
27|7305B|25|62|17|26.2|15.2|8500|12000
28|7006C|30|55|13|15.2|10.2|9500|14000
29|7006AC|30|55|13|14.5|9.85|9500|14000
30|7206C|30|62|16|23.0|15.0|9000|13000
31|7206AC|30|62|16|22.0|14.2|9000|13000
32|7206B|30|62|16|20.5|13.8|8500|12000
33|7306B|30|72|19|31.0|19.2|7500|10000
34|7007C|35|62|14|19.5|14.2|8500|12000
35|7007AC|35|62|14|18.5|13.5|8500|12000
36|7207C|35|72|17|30.5|20.0|8000|11000
37|7207AC|35|72|17|29.0|19.2|8000|11000
38|7207B|35|72|17|27.0|18.8|7500|10000
39|7307B|35|80|21|38.2|24.5|7000|9500
40|7008C|40|68|15|20|15.2|8000|11000
41|7008AC|40|68|15|19.0|14.5|8000|11000
42|7208C|40|80|18|36.8|25.8|7500|10000
43|7208AC|40|80|18|35.2|24.5|7500|10000
44|7208B|40|80|18|32.5|23.5|6700|9000
45|7308B|40|90|23|46.2|30.5|6300|8500
46|7408B|40|110|27|67.0|47.5|6000|8000
47|7009C|45|75|16|25.8|20.5|7500|10000
48|7009AC|45|75|16|25.8|19.5|7500|10000
49|7209C|45|85|19|38.5|28.5|6700|9000
50|7209AC|45|85|19|36.8|27.2|6700|9000
51|7209B|45|85|19|36.0|26.2|6300|8500
52|7309B|45|100|25|59.5|39.8|6000|8000
53|7010C|50|80|16|26.5|22.0|6700|9000
54|7010AC|50|80|16|25.2|21.0|6700|9000
55|7210C|50|90|20|42.8|32.0|6300|8500
56|7210AC|50|90|20|40.8|30.5|6300|8500
57|7210B|50|90|20|37.5|29.0|5600|7500
58|7310B|50|110|27|68.2|48.0|5000|6700
59|7410B|50|130|31|95.2|64.2|5000|6700
60|7001C|55|90|18|37.2|30.5|6000|8000
61|7011AC|55|90|18|35.2|29.2|6000|8000
62|7211C|55|100|21|52.8|40.5|5600|7500
63|7211AC|55|100|21|50.5|38.5|5600|7500
64|7211B|55|100|21|46.2|36.0|5300|7000
65|7311 B|55|120|29|78.8|56.5|4500|6000
66|7012C|60|95|18|38.2|32.8|5600|7500
67|7012AC|60|95|18|36.2|31.5|5600|7500
68|7212C|60|110|22|61.0|48.5|5300|7000
69|7212AC|60|110|22|58.5|46.2|5300|7000
70|7212B|60|110|22|56.0|44.5|4800|6300
71|7312B|60|130|31|90.0|66.3|4300|5600
72|7412B|60|150|35|118|85.5|4300|5600
73|7013C|65|100|18|40.0|35.5|5300|7000
74|7013AC|65|100|18|38.0|33.8|5300|7000
75|7213C|65|120|23|69.8|55.2|4800|6300
76|7213AC|65|120|23|66.5|52.5|4800|6300
77|7213B|65|120|23|62.5|53.2|4300|5600
78|7313B|65|140|33|102|77.8|4000|5300
79|7014C|70|110|20|48.2|43.5|5000|6700
80|7014AC|70|110|20|45.8|41.5|5000|6700
81|7214C|70|125|24|70.2|60.0|4500|6700
82|7214AC|70|125|24|69.2|57.5|4500|6700
83|7214B|70|125|24|70.2|57.2|4300|5600
84|7314B|70|150|35|115|87.2|3600|4800
85|7015C|75|115|20|49.5|46.5|4800|6300
86|7015AC|75|115|20|46.8|44.2|4800|6300
87|7215C|75|130|25|79.2|65.8|4300|5600
88|7215AC|75|130|25|75.2|63.0|4300|5600
89|7215B|75|130|25|72.8|63.0|4000|5300
90|7315B|75|160|37|125|98.5|3400|4500
91|7016C|80|125|22|58.5|55.8|4500|6000
92|7016AC|80|125|22|55.5|53.2|4500|6000
93|7216C|80|140|26|89.5|78.2|4000|5300
94|7216AC|80|140|26|85.0|74.5|4000|5300
95|7216B|80|140|26|80.2|69.5|3600|4800
96|7316B|80|170|39|135|110|3600|4800
97|7017C|85|130|22|62.5|60.2|4300|5600
98|7017AC|85|130|22|59.2|57.2|4300|5600
99|7217C|85|150|28|99.8|85.0|3800|5000
100|7217AC|85|150|28|94.8|81.5|3800|5000
101|7217B|85|150|28|93.0|81.5|3400|4500
102|7317B|85|180|41|48|122|3000|4000
103|7018C|90|140|24|71.5|69.8|4000|5300
104|7018AC|90|140|24|67.5|66.5|4000|5300
105|7218C|90|160|30|22|105|3600|4800
106|7218AC|90|160|30|18|100|3600|4800
107|7218B|90|160|30|05|94.5|3200|4300
108|7318B|90|190|43|58|138|2800|3800
109|7019C|95|145|24|73.5|73.2|3800|5000
110|7019AC|95|145|24|69.5|69.8|3800|5000
111|7219C|95|170|32|35|115|3400|4500
112|7219AC|95|170|32|28|108|3400|4500
113|7219B|95|170|32|20|108|3000|4000
114|7319B|95|200|45|72|155|2800|3800
115|7O20C|100|150|24|79.2|78.5|3800|5000
116|7020AC|100|150|24|75|74.8|3800|5000
117|7220C|100|180|34|148|128|3200|4300
118|7220AC|100|180|34|142|122|3200|4300
119|7220B|100|180|34|130|115|2600|3600
120|7230B|100|215|47|188|180|2400|3400
121|7021C|105|160|26|88.5|88.8|3600|4800
122|7021AC|105|160|26|83.8|84.2|3600|4800
123|7221C|105|190|36|162|145|3000|4000
124|7221AC|105|190|36|155|138|3000|4000
125|7221B|105|190|36|142|130|2600|3600
126|7321B|105|225|49|202|195|2200|3200
127|7022C|110|170|28|100|102|3600|4800
128|7022AC|110|170|28|95.5|97.2|3600|4800
129|7222C|110|200|38|175|162|2800|3800
130|7222AC|110|200|38|168|155|2800|3800
131|7222B|110|200|38|155|145|2400|3400
132|7322B|110|240|50|225|225|2000|3000
133|7024C|120|180|28|108|110|2800|3800
134|7024AC|120|180|28|102|105|2800|3800
135|7224C|120|215|40|188|180|2400|3400
136|7224AC|120|215|40|180|172|2400|3400
137|7026C|130|200|33|128|135|2600|3600
138|7026AC|130|200|33|122|128|2600|3200
139|7226C|130|230|40|205|210|2200|3200
140|7226AC|130|230|40|195|200|2200|3200
141|7028C|140|210|33|140|145|2400|3400
142|7028AC|140|210|33|140|150|2200|3200
143|7228C|140|250|42|230|245|1900|2800
144|7228AC|140|250|42|230|235|1900|2800
145|7328B|140|300|62|288|315|1700|2400
146|7030C|150|225|35|160|155|2200|3200
147|7030AC|150|225|35|152|168|2000|3000
148|7232C|160|290|48|262|298|1700|2400
149|7232AC|160|290|48|248|278|1700|2400
150|7034AC|170|260|42|192|222|1800|2600
151|7234C|170|310|52|322|390|1600|2200
152|7234AC|170|310|52|305|368|1600|2200
153|7236C|180|320|52|335|415|1500|2000
154|7236AC|180|320|52|315|388|1500|2000
155|7038AC|190|290|46|215|262|1600|2200
156|7040AC|200|310|51|252|325|1500|2000
157|7240C|200|360|58|360|475|1300|1800
158|7240AC|200|360|58|345|448|1300|1800
159|7244AC|220|400|65|358|482|1100|1600
