ID|BCode|d|DD|B|Cr|Cor|nlimz|nlimy
1|619/3|3|8|3|0.45|0.15|38000|48000
2|623|3|10|4|0.65|0.22|38000|48000
3|628/4|4|9|4|0.55|0.18|38000|48000
4|619/4|4|11|4|0.95|0.35|36000|45000
5|624|4|13|5|1.15|0.4|36000|45000
6|634|4|16|5|1.88|0.68|32000|40000
7|619/5|5|13|4|1.08|0.42|34000|43000
8|605|5|14|5|1.05|0.5|30000|38000
9|625|5|16|5|1.88|0.68|32000|40000
10|635|5|19|6|2.80|1.02|28000|36000
11|628/6|6|13|5|1.08|0.42|34000|43000
12|619/6|6|15|5|1.48|0.60|32000|40000
13|606|6|17|6|1.95|0.72|30000|38000
14|626|6|19|6|2.80|1.05|28000|36000
15|628/7|7|14|5|1.18|0.50|32000|40000
16|619/7|7|17|5|2.02|0.80|30000|38000
17|607|7|19|6|2.88|1.08|28000|36000
18|627|7|22|7|3.28|1.35|26000|34000
19|628/8|8|16|5|1.32|0.65|30000|38000
20|619/8|8|19|6|2.25|0.92|28000|36000
21|608|8|22|7|3.32|1.38|26000|34000
22|628|8|24|8|3.35|1.40|24000|32000
23|628/9|9|17|5|1.60|0.72|28000|36000
24|619/9|9|20|6|2.48|1.08|27000|34000
25|609|9|24|7|3.35|1.40|22000|30000
26|629|9|26|8|4.45|1.95|22000|30000
27|61800|10|19|5|1.80|0.93|28000|36000
28|61900|10|22|6|2.70|1.30|25000|32000
29|6000|10|26|8|4.58|1.98|22000|30000
30|6200|10|30|9|5.10|2.38|20000|26000
31|6300|10|35|11|7.65|3.48|18000|24000
32|61801|12|21|5|1.90|1.00|24000|32000
33|61901|12|24|6|2.90|1.50|22000|28000
34|16001|12|28|7|5.10|2.40|20000|26000
35|6001|12|28|8|5.10|2.38|20000|26000
36|6201|12|32|10|6.82|3.05|19000|24000
37|6301|12|37|12|9.72|5.08|17000|22000
38|61802|15|24|5|2.10|1.30|22000|30000
39|61902|15|28|7|4.30|2.30|20000|26000
40|16002|15|32|8|5.60|2.80|19000|24000
41|6002|15|32|9|5.58|2.85|19000|24000
42|6202|15|35|11|7.65|3.72|18000|22000
43|6302|15|42|13|11.5|5.42|16000|20000
44|61803|17|26|5|2.20|1.5|20000|28000
45|61903|17|30|7|4.60|2.6|19000|24000
46|16003|17|35|8|6.00|3.3|18000|22000
47|6003|17|35|10|6.00|3.25|17000|21000
48|6203|17|40|12|9.58|4.78|16000|20000
49|6303|17|47|14|13.5|6.58|15000|18000
50|6403|17|62|17|22.7|10.8|11000|15000
51|61804|20|32|7|3.50|2.20|18000|24000
52|61904|20|37|9|6.40|3.70|17000|22000
53|16004|20|42|8|7.90|4.50|16000|19000
54|6004|20|42|12|9.38|5.02|16000|19000
55|6204|20|47|14|12.8|6.65|14000|18000
56|6304|20|52|15|15.8|7.88|13000|16000
57|6404|20|72|19|31.0|15.2|9500|13000
58|61805|25|37|7|4.3|2.90|16000|20000
59|61905|25|42|9|7.0|4.50|14000|18000
60|16005|25|47|8|8.8|5.60|13000|17000
61|6005|25|47|12|10.0|5.85|13000|17000
62|6205|25|52|15|14.0|7.88|12000|15000
63|6305|25|62|17|22.2|11.5|10000|14000
64|6405|25|80|21|38.2|19.2|8500|11000
65|61806|30|42|7|4.70|3.60|13000|17000
66|61906|30|47|9|7.20|5.00|12000|16000
67|16006|30|55|9|11.2|7.40|11000|14000
68|6006|30|55|13|13.2|8.30|11000|14000
69|6206|30|62|16|19.5|11.5|9500|13000
70|6306|30|72|19|27.0|15.2|9000|11000
71|6406|30|90|23|47.5|24.5|8000|10000
72|61807|35|47|7|4.90|4.00|11000|15000
73|61907|35|55|10|9.50|6.80|10000|13000
74|16007|35|62|9|12.2|8.80|9500|12000
75|6007|35|62|14|16.2|10.5|9500|12000
76|6207|35|72|17|25.5|15.2|8500|11000
77|6307|35|80|21|33.4|19.2|8000|9500
78|6407|35|100|25|56.8|29.5|6700|8500
79|61808|40|52|7|5.10|4.40|10000|13000
80|61908|40|62|12|13.7|9.90|9500|12000
81|16008|40|68|9|12.6|9.60|9000|11000
82|6008|40|68|15|17.0|11.8|9000|11000
83|6208|40|80|18|29.5|18.0|8000|10000
84|6308|40|90|23|40.8|24.0|7000|8500
85|6408|40|110|27|65.5|37.5|6300|8000
86|61809|45|58|7|6.40|5.60|9000|12000
87|61909|45|68|12|14.1|10.90|8500|11000
88|16009|45|75|10|15.6|12.2|8000|10000
89|6009|45|75|16|21.0|14.8|8000|10000
90|6209|45|85|19|31.5|20.5|7000|9000
91|6309|45|100|25|52.8|31.8|6300|7500
92|6409|45|120|29|77.5|45.5|5600|7000
93|61810|50|65|7|6.6|6.1|8500|10000
94|61910|50|72|12|14.5|11.7|8000|9500
95|16010|50|80|10|16.1|13.1|8000|9500
96|6010|50|80|16|22.0|16.2|7000|9000
97|6210|50|90|20|35.0|23.2|6700|8500
98|6310|50|110|27|61.8|38.0|6000|7000
99|6410|50|130|31|92.2|55.2|5300|6300
100|61811|55|72|9|9.1|8.4|8000|9500
101|61911|55|80|13|15.9|13.2|7500|9000
102|16011|55|90|11|19.4|16.2|7000|8500
103|6011|55|90|18|30.2|21.8|7000|8500
104|6211|55|100|21|43.2|29.2|6000|7500
105|6311|55|120|29|71.5|44.8|5600|6700
106|6411|55|140|33|100|62.5|4800|6000
107|61812|60|78|10|9.1|8.7|7000|8500
108|61912|60|85|13|16.4|14.2|6700|8000
109|16012|60|95|11|19.9|17.5|6300|7500
110|6012|60|95|18|31.5|24.2|6300|7500
111|6212|60|110|22|47.8|32.8|5600|7000
112|6312|60|130|31|81.8|51.8|5000|6000
113|6412|60|150|35|109|70.0|4500|5600
114|61813|65|85|10|11.9|11.5|6700|8000
115|61913|65|90|13|17.4|16.0|6300|7500
116|16013|65|100|11|20.5|18.6|6000|7000
117|6013|65|100|18|32.0|24.8|6000|7000
118|6213|65|120|23|57.2|40.0|5000|6300
119|6313|65|140|33|93.8|60.5|4500|5300
120|6413|65|160|37|118|78.5|4300|5300
121|61814|70|90|10|12.1|11.9|6300|7500
122|61914|70|100|16|23.7|21.1|6000|7000
123|16014|70|110|13|27.9|25.0|5600|6700
124|6014|70|110|20|38.5|30.5|5600|6700
125|6214|70|125|24|60.8|45.0|4800|6000
126|6314|70|150|35|105|68.0|4300|5000
127|6414|70|180|42|140|99.5|3800|4500
128|61815|75|95|10|12.5|12.8|6000|7000
129|61915|75|105|16|24.3|22.5|5600|6700
130|16015|75|115|13|28.7|26.8|5300|6300
131|6015|75|115|20|40.2|33.2|5300|6300
132|6215|75|130|25|66.0|49.5|4500|5600
133|6315|75|160|37|113|76.8|4000|4800
134|6415|75|190|45|154|115|3600|4300
135|61816|80|100|10|12.7|13.3|5600|6700
136|61916|80|110|16|24.9|23.9|5300|6300
137|16016|80|125|14|33.1|31.4|5000|6000
138|6016|80|125|22|47.5|39.8|5000|6000
139|6216|80|140|26|71.5|54.2|4300|5300
140|6316|80|170|39|123|86.5|3800|4500
141|6416|80|200|48|163|125|3400|4000
142|61817|85|110|13|19.2|19.8|5000|6300
143|61917|85|120|18|31.9|29.7|4800|6000
144|16017|85|130|14|34|33.3|4500|5600
145|6017|85|130|22|50.8|42.8|4500|5600
146|6217|85|150|28|83.2|63.8|4000|5000
147|6317|85|180|41|132|96.5|3600|4300
148|6417|85|210|52|175|138|3200|3800
149|61818|90|115|13|19.5|20.5|4800|6000
150|61918|90|125|18|32.8|31.5|4500|5600
151|16018|90|140|16|41.5|39.3|4300|5300
152|6018|90|140|24|58.0|49.8|4300|5300
153|6218|90|160|30|95.8|71.5|3800|4800
154|6318|90|190|43|145|108|3400|4000
155|6418|90|225|54|192|158|2800|3600
156|61819|95|120|13|19.8|21.3|4500|5600
157|61919|95|130|18|33.7|33.3|4300|5300
158|16019|95|145|16|42.7|41.9|4000|5000
159|6019|95|145|24|57.8|50.0|4000|5000
160|6219|95|170|32|110|82.8|3600|4500
161|6319|95|200|45|157|122|3200|3800
162|61820|100|125|13|20.1|22.0|4300|5300
163|61920|100|140|20|42.7|41.9|4000|5000
164|16020|100|150|16|43.8|44.3|3800|4800
165|6020|100|150|24|64.5|56.2|3800|4800
166|6220|100|180|34|122|92.8|3400|4300
167|6320|100|215|47|173|140|2800|3600
168|6420|100|250|58|223|195|2400|3200
169|61821|105|130|13|20.3|22.7|4000|5000
170|61921|105|145|20|43.9|44.3|3800|4800
171|16021|105|160|18|51.8|50.6|3600|4500
172|6021|105|160|26|71.8|63.2|3600|4500
173|6221|105|190|36|133|105|3200|4000
174|6321|105|225|49|184|153|2600|3200
175|61822|110|140|16|28.1|30.7|3800|5000
176|61922|110|150|20|43.6|44.4|3600|4500
177|16022|110|170|19|57.4|56.7|3400|4300
178|6022|110|170|28|81.8|72.8|3400|4300
179|6222|110|200|38|144|117|3000|3800
180|6322|110|240|50|205|178|2400|3000
181|6422|110|280|65|225|238|2000|2800
182|61824|120|150|16|28.9|32.9|3400|4300
183|61924|120|165|22|55.0|56.9|3200|4000
184|16024|120|180|19|58.8|60.4|3000|3800
185|6024|120|180|28|87.5|79.2|3000|3800
186|6224|120|215|40|155|131|2600|3400
187|6324|120|260|55|228|208|2200|2800
188|61826|130|165|18|37.9|42.9|3200|4000
189|61926|130|180|24|65.1|67.2|3000|3800
190|16026|130|200|22|79.7|79.2|2800|3600
191|6026|130|200|33|105|96.8|2800|3600
192|6226|130|230|40|165|148.0|2400|3200
193|6326|130|280|58|253|242|2000|2600
194|61828|140|175|18|38.2|44.3|3000|3800
195|61928|140|190|24|66.6|71.2|2800|3600
196|16028|140|210|22|82.1|85|2400|3200
197|6028|140|210|33|116|108|2400|3200
198|6228|140|250|42|179|167|2000|2800
199|6328|140|300|62|275|272|1900|2400
200|61830|150|190|20|49.1|57.1|2800|3400
201|61930|150|210|28|84.7|90.2|2600|3200
202|16030|150|225|24|91.9|98.5|2200|3000
203|6030|150|225|35|132|125|2200|3000
204|6230|150|270|45|203|199|1900|2600
205|6330|150|320|65|288|295|1700|2200
206|61832|160|200|20|49.6|59.1|2600|3200
207|61932|160|220|28|86.9|95.5|2400|3000
208|16032|160|240|25|98.7|107|2000|2800
209|6032|160|240|38|145|138|2000|2800
210|6232|160|290|48|215|218|1800|2400
211|6332|160|340|68|313|340|1600|2000
212|61834|170|215|22|61.5|73.3|2200|3000
213|61934|170|230|28|88.8|100|2000|2800
214|16034|170|260|28|118|130|1900|2600
215|6034|170|260|42|170|170|1900|2600
216|6234|170|310|52|245|260|1700|2200
217|6334|170|360|72|335|378|1500|1900
218|61836|180|225|22|62.3|75.9|2000|2800
219|61936|180|250|33|118|133|1900|2600
220|16036|180|280|31|144|157|1800|2400
221|6036|180|280|46|188|198|1800|2400
222|6236|180|320|52|262|285|1600|2000
223|61838|190|240|24|75.1|91.6|1900|2600
224|61938|190|260|33|117|133|1800|2400
225|16038|190|290|31|149|168|1700|2200
226|6038|190|290|46|188|200|1700|2200
227|6238|190|340|55|285|322|1500|1900
228|61840|200|250|24|74.2|91.2|1800|2400
229|61940|200|280|38|149|168|1700|2200
230|16040|200|310|34|167|191|1800|2000
231|6040|200|310|51|205|225|1600|2000
232|6240|200|360|58|288|332|1400|1800
233|61844|220|270|24|76.4|97.8|1700|2200
234|61944|220|300|38|152|178|1600|2000
235|16044|220|340|37|181|216|1400|1800
236|6044|220|340|56|252|268|1400|1800
237|6244|220|400|65|355|365|1200|1600
238|61848|240|300|28|83.5|108|1500|1900
239|61948|240|320|38|142|178|1400|1800
240|16048|240|360|37|172|210|1200|1600
241|6048|240|360|56|270|292|1200|1600
242|6248|240|440|72|358|467|1000|1400
243|61852|260|320|28|95|128|1300|1700
244|61952|260|360|46|210|268|1200|1600
245|16052|260|400|44|235|310|1100|1500
246|6052|260|400|65|292|372|1100|1500
247|61856|280|350|33|135|178|1200|1600
248|61956|280|380|46|210|268|1100|1400
249|6056|280|420|65|305|408|950|1300
250|61860|300|380|38|162|222|1100|1400
251|61960|300|420|56|270|370|1000|1300
252|61864|320|400|38|168|235|1000|1300
253|61964|320|440|56|275|392|950|1200
254|6064|320|480|74|345|510|900|1100
255|61968|340|460|56|292|418|900|1100
256|6072|360|540|82|400|622|750|950
257|61876|380|480|46|235|348|800|1000
258|6080|400|600|90|512|868|630|800
259|61892|460|580|56|322|538|600|750
260|619/500|500|670|78|445|808|500|630
261|60/500|500|720|100|625|1178|450|560
