=== 深沟球轴承 === (9 cols)
ID|BCode|d|DD|B|Cr|Cor|nlimz|nlimy
1|619/3|3|8|3|0.45|0.15|38000|48000
2|623|3|10|4|0.65|0.22|38000|48000
3|628/4|4|9|4|0.55|0.18|38000|48000
4|619/4|4|11|4|0.95|0.35|36000|45000
5|624|4|13|5|1.15|0.4|36000|45000
6|634|4|16|5|1.88|0.68|32000|40000
7|619/5|5|13|4|1.08|0.42|34000|43000
8|605|5|14|5|1.05|0.5|30000|38000
9|625|5|16|5|1.88|0.68|32000|40000
10|635|5|19|6|2.80|1.02|28000|36000
11|628/6|6|13|5|1.08|0.42|34000|43000
12|619/6|6|15|5|1.48|0.60|32000|40000
13|606|6|17|6|1.95|0.72|30000|38000
14|626|6|19|6|2.80|1.05|28000|36000
15|628/7|7|14|5|1.18|0.50|32000|40000
16|619/7|7|17|5|2.02|0.80|30000|38000
17|607|7|19|6|2.88|1.08|28000|36000
18|627|7|22|7|3.28|1.35|26000|34000
19|628/8|8|16|5|1.32|0.65|30000|38000
20|619/8|8|19|6|2.25|0.92|28000|36000
21|608|8|22|7|3.32|1.38|26000|34000
22|628|8|24|8|3.35|1.40|24000|32000
23|628/9|9|17|5|1.60|0.72|28000|36000
24|619/9|9|20|6|2.48|1.08|27000|34000
25|609|9|24|7|3.35|1.40|22000|30000
26|629|9|26|8|4.45|1.95|22000|30000
27|61800|10|19|5|1.80|0.93|28000|36000
28|61900|10|22|6|2.70|1.30|25000|32000
29|6000|10|26|8|4.58|1.98|22000|30000
30|6200|10|30|9|5.10|2.38|20000|26000
31|6300|10|35|11|7.65|3.48|18000|24000
32|61801|12|21|5|1.90|1.00|24000|32000
33|61901|12|24|6|2.90|1.50|22000|28000
34|16001|12|28|7|5.10|2.40|20000|26000
35|6001|12|28|8|5.10|2.38|20000|26000
36|6201|12|32|10|6.82|3.05|19000|24000
37|6301|12|37|12|9.72|5.08|17000|22000
38|61802|15|24|5|2.10|1.30|22000|30000
39|61902|15|28|7|4.30|2.30|20000|26000
40|16002|15|32|8|5.60|2.80|19000|24000
41|6002|15|32|9|5.58|2.85|19000|24000
42|6202|15|35|11|7.65|3.72|18000|22000
43|6302|15|42|13|11.5|5.42|16000|20000
44|61803|17|26|5|2.20|1.5|20000|28000
45|61903|17|30|7|4.60|2.6|19000|24000
46|16003|17|35|8|6.00|3.3|18000|22000
47|6003|17|35|10|6.00|3.25|17000|21000
48|6203|17|40|12|9.58|4.78|16000|20000
49|6303|17|47|14|13.5|6.58|15000|18000
50|6403|17|62|17|22.7|10.8|11000|15000
51|61804|20|32|7|3.50|2.20|18000|24000
52|61904|20|37|9|6.40|3.70|17000|22000
53|16004|20|42|8|7.90|4.50|16000|19000
54|6004|20|42|12|9.38|5.02|16000|19000
55|6204|20|47|14|12.8|6.65|14000|18000
56|6304|20|52|15|15.8|7.88|13000|16000
57|6404|20|72|19|31.0|15.2|9500|13000
58|61805|25|37|7|4.3|2.90|16000|20000
59|61905|25|42|9|7.0|4.50|14000|18000
60|16005|25|47|8|8.8|5.60|13000|17000
61|6005|25|47|12|10.0|5.85|13000|17000
62|6205|25|52|15|14.0|7.88|12000|15000
63|6305|25|62|17|22.2|11.5|10000|14000
64|6405|25|80|21|38.2|19.2|8500|11000
65|61806|30|42|7|4.70|3.60|13000|17000
66|61906|30|47|9|7.20|5.00|12000|16000
67|16006|30|55|9|11.2|7.40|11000|14000
68|6006|30|55|13|13.2|8.30|11000|14000
69|6206|30|62|16|19.5|11.5|9500|13000
70|6306|30|72|19|27.0|15.2|9000|11000
71|6406|30|90|23|47.5|24.5|8000|10000
72|61807|35|47|7|4.90|4.00|11000|15000
73|61907|35|55|10|9.50|6.80|10000|13000
74|16007|35|62|9|12.2|8.80|9500|12000
75|6007|35|62|14|16.2|10.5|9500|12000
76|6207|35|72|17|25.5|15.2|8500|11000
77|6307|35|80|21|33.4|19.2|8000|9500
78|6407|35|100|25|56.8|29.5|6700|8500
79|61808|40|52|7|5.10|4.40|10000|13000
80|61908|40|62|12|13.7|9.90|9500|12000
81|16008|40|68|9|12.6|9.60|9000|11000
82|6008|40|68|15|17.0|11.8|9000|11000
83|6208|40|80|18|29.5|18.0|8000|10000
84|6308|40|90|23|40.8|24.0|7000|8500
85|6408|40|110|27|65.5|37.5|6300|8000
86|61809|45|58|7|6.40|5.60|9000|12000
87|61909|45|68|12|14.1|10.90|8500|11000
88|16009|45|75|10|15.6|12.2|8000|10000
89|6009|45|75|16|21.0|14.8|8000|10000
90|6209|45|85|19|31.5|20.5|7000|9000
91|6309|45|100|25|52.8|31.8|6300|7500
92|6409|45|120|29|77.5|45.5|5600|7000
93|61810|50|65|7|6.6|6.1|8500|10000
94|61910|50|72|12|14.5|11.7|8000|9500
95|16010|50|80|10|16.1|13.1|8000|9500
96|6010|50|80|16|22.0|16.2|7000|9000
97|6210|50|90|20|35.0|23.2|6700|8500
98|6310|50|110|27|61.8|38.0|6000|7000
99|6410|50|130|31|92.2|55.2|5300|6300
100|61811|55|72|9|9.1|8.4|8000|9500
101|61911|55|80|13|15.9|13.2|7500|9000
102|16011|55|90|11|19.4|16.2|7000|8500
103|6011|55|90|18|30.2|21.8|7000|8500
104|6211|55|100|21|43.2|29.2|6000|7500
105|6311|55|120|29|71.5|44.8|5600|6700
106|6411|55|140|33|100|62.5|4800|6000
107|61812|60|78|10|9.1|8.7|7000|8500
108|61912|60|85|13|16.4|14.2|6700|8000
109|16012|60|95|11|19.9|17.5|6300|7500
110|6012|60|95|18|31.5|24.2|6300|7500
111|6212|60|110|22|47.8|32.8|5600|7000
112|6312|60|130|31|81.8|51.8|5000|6000
113|6412|60|150|35|109|70.0|4500|5600
114|61813|65|85|10|11.9|11.5|6700|8000
115|61913|65|90|13|17.4|16.0|6300|7500
116|16013|65|100|11|20.5|18.6|6000|7000
117|6013|65|100|18|32.0|24.8|6000|7000
118|6213|65|120|23|57.2|40.0|5000|6300
119|6313|65|140|33|93.8|60.5|4500|5300
120|6413|65|160|37|118|78.5|4300|5300
121|61814|70|90|10|12.1|11.9|6300|7500
122|61914|70|100|16|23.7|21.1|6000|7000
123|16014|70|110|13|27.9|25.0|5600|6700
124|6014|70|110|20|38.5|30.5|5600|6700
125|6214|70|125|24|60.8|45.0|4800|6000
126|6314|70|150|35|105|68.0|4300|5000
127|6414|70|180|42|140|99.5|3800|4500
128|61815|75|95|10|12.5|12.8|6000|7000
129|61915|75|105|16|24.3|22.5|5600|6700
130|16015|75|115|13|28.7|26.8|5300|6300
131|6015|75|115|20|40.2|33.2|5300|6300
132|6215|75|130|25|66.0|49.5|4500|5600
133|6315|75|160|37|113|76.8|4000|4800
134|6415|75|190|45|154|115|3600|4300
135|61816|80|100|10|12.7|13.3|5600|6700
136|61916|80|110|16|24.9|23.9|5300|6300
137|16016|80|125|14|33.1|31.4|5000|6000
138|6016|80|125|22|47.5|39.8|5000|6000
139|6216|80|140|26|71.5|54.2|4300|5300
140|6316|80|170|39|123|86.5|3800|4500
141|6416|80|200|48|163|125|3400|4000
142|61817|85|110|13|19.2|19.8|5000|6300
143|61917|85|120|18|31.9|29.7|4800|6000
144|16017|85|130|14|34|33.3|4500|5600
145|6017|85|130|22|50.8|42.8|4500|5600
146|6217|85|150|28|83.2|63.8|4000|5000
147|6317|85|180|41|132|96.5|3600|4300
148|6417|85|210|52|175|138|3200|3800
149|61818|90|115|13|19.5|20.5|4800|6000
150|61918|90|125|18|32.8|31.5|4500|5600
151|16018|90|140|16|41.5|39.3|4300|5300
152|6018|90|140|24|58.0|49.8|4300|5300
153|6218|90|160|30|95.8|71.5|3800|4800
154|6318|90|190|43|145|108|3400|4000
155|6418|90|225|54|192|158|2800|3600
156|61819|95|120|13|19.8|21.3|4500|5600
157|61919|95|130|18|33.7|33.3|4300|5300
158|16019|95|145|16|42.7|41.9|4000|5000
159|6019|95|145|24|57.8|50.0|4000|5000
160|6219|95|170|32|110|82.8|3600|4500
161|6319|95|200|45|157|122|3200|3800
162|61820|100|125|13|20.1|22.0|4300|5300
163|61920|100|140|20|42.7|41.9|4000|5000
164|16020|100|150|16|43.8|44.3|3800|4800
165|6020|100|150|24|64.5|56.2|3800|4800
166|6220|100|180|34|122|92.8|3400|4300
167|6320|100|215|47|173|140|2800|3600
168|6420|100|250|58|223|195|2400|3200
169|61821|105|130|13|20.3|22.7|4000|5000
170|61921|105|145|20|43.9|44.3|3800|4800
171|16021|105|160|18|51.8|50.6|3600|4500
172|6021|105|160|26|71.8|63.2|3600|4500
173|6221|105|190|36|133|105|3200|4000
174|6321|105|225|49|184|153|2600|3200
175|61822|110|140|16|28.1|30.7|3800|5000
176|61922|110|150|20|43.6|44.4|3600|4500
177|16022|110|170|19|57.4|56.7|3400|4300
178|6022|110|170|28|81.8|72.8|3400|4300
179|6222|110|200|38|144|117|3000|3800
180|6322|110|240|50|205|178|2400|3000
181|6422|110|280|65|225|238|2000|2800
182|61824|120|150|16|28.9|32.9|3400|4300
183|61924|120|165|22|55.0|56.9|3200|4000
184|16024|120|180|19|58.8|60.4|3000|3800
185|6024|120|180|28|87.5|79.2|3000|3800
186|6224|120|215|40|155|131|2600|3400
187|6324|120|260|55|228|208|2200|2800
188|61826|130|165|18|37.9|42.9|3200|4000
189|61926|130|180|24|65.1|67.2|3000|3800
190|16026|130|200|22|79.7|79.2|2800|3600
191|6026|130|200|33|105|96.8|2800|3600
192|6226|130|230|40|165|148.0|2400|3200
193|6326|130|280|58|253|242|2000|2600
194|61828|140|175|18|38.2|44.3|3000|3800
195|61928|140|190|24|66.6|71.2|2800|3600
196|16028|140|210|22|82.1|85|2400|3200
197|6028|140|210|33|116|108|2400|3200
198|6228|140|250|42|179|167|2000|2800
199|6328|140|300|62|275|272|1900|2400
200|61830|150|190|20|49.1|57.1|2800|3400
201|61930|150|210|28|84.7|90.2|2600|3200
202|16030|150|225|24|91.9|98.5|2200|3000
203|6030|150|225|35|132|125|2200|3000
204|6230|150|270|45|203|199|1900|2600
205|6330|150|320|65|288|295|1700|2200
206|61832|160|200|20|49.6|59.1|2600|3200
207|61932|160|220|28|86.9|95.5|2400|3000
208|16032|160|240|25|98.7|107|2000|2800
209|6032|160|240|38|145|138|2000|2800
210|6232|160|290|48|215|218|1800|2400
211|6332|160|340|68|313|340|1600|2000
212|61834|170|215|22|61.5|73.3|2200|3000
213|61934|170|230|28|88.8|100|2000|2800
214|16034|170|260|28|118|130|1900|2600
215|6034|170|260|42|170|170|1900|2600
216|6234|170|310|52|245|260|1700|2200
217|6334|170|360|72|335|378|1500|1900
218|61836|180|225|22|62.3|75.9|2000|2800
219|61936|180|250|33|118|133|1900|2600
220|16036|180|280|31|144|157|1800|2400
221|6036|180|280|46|188|198|1800|2400
222|6236|180|320|52|262|285|1600|2000
223|61838|190|240|24|75.1|91.6|1900|2600
224|61938|190|260|33|117|133|1800|2400
225|16038|190|290|31|149|168|1700|2200
226|6038|190|290|46|188|200|1700|2200
227|6238|190|340|55|285|322|1500|1900
228|61840|200|250|24|74.2|91.2|1800|2400
229|61940|200|280|38|149|168|1700|2200
230|16040|200|310|34|167|191|1800|2000
231|6040|200|310|51|205|225|1600|2000
232|6240|200|360|58|288|332|1400|1800
233|61844|220|270|24|76.4|97.8|1700|2200
234|61944|220|300|38|152|178|1600|2000
235|16044|220|340|37|181|216|1400|1800
236|6044|220|340|56|252|268|1400|1800
237|6244|220|400|65|355|365|1200|1600
238|61848|240|300|28|83.5|108|1500|1900
239|61948|240|320|38|142|178|1400|1800
240|16048|240|360|37|172|210|1200|1600
241|6048|240|360|56|270|292|1200|1600
242|6248|240|440|72|358|467|1000|1400
243|61852|260|320|28|95|128|1300|1700
244|61952|260|360|46|210|268|1200|1600
245|16052|260|400|44|235|310|1100|1500
246|6052|260|400|65|292|372|1100|1500
247|61856|280|350|33|135|178|1200|1600
248|61956|280|380|46|210|268|1100|1400
249|6056|280|420|65|305|408|950|1300
250|61860|300|380|38|162|222|1100|1400
251|61960|300|420|56|270|370|1000|1300
252|61864|320|400|38|168|235|1000|1300
253|61964|320|440|56|275|392|950|1200
254|6064|320|480|74|345|510|900|1100
255|61968|340|460|56|292|418|900|1100
256|6072|360|540|82|400|622|750|950
257|61876|380|480|46|235|348|800|1000
258|6080|400|600|90|512|868|630|800
259|61892|460|580|56|322|538|600|750
260|619/500|500|670|78|445|808|500|630
261|60/500|500|720|100|625|1178|450|560
Total: 261
=== 角接触球轴承 === (9 cols)
ID|BCode|d|DD|B|Cr|Cor|nlimz|nlimy
1|7000C|10|26|8|4.92|2.25|19000|28000
2|7000AC|10|26|8|4.75|2.12|19000|28000
3|7200C|10|30|9|5.82|2.95|18000|26000
4|7200AC|10|30|9|5.58|2.82|18000|26000
5|700lC|12|28|8|5.42|2.65|18000|26000
6|700lAC|12|28|8|5.20|2.55|18000|26000
7|7201C|12|32|10|7.35|3.52|17000|24000
8|7201AC|12|32|10|7.10|3.35|17000|24000
9|7002C|15|32|9|6.25|3.42|17000|24000
10|7002AC|15|32|9|5.95|3.25|17000|24000
11|7202C|15|35|11|8.68|4.62|16000|22000
12|7202AC|15|35|11|8.35|4.40|16000|22000
13|7003C|17|35|10|6.60|3.85|16000|22000
14|7003AC|17|35|10|6.30|3.68|16000|22000
15|7203C|17|40|12|10.8|5.95|15000|20000
16|7203AC|17|40|12|10.5|5.65|15000|20000
17|7004C|20|42|12|10.5|6.08|14000|19000
18|7004AC|20|42|12|10.0|5.78|14000|19000
19|7204C|20|47|14|14.5|8.22|13000|18000
20|7204AC|20|47|14|14.0|7.82|13000|18000
21|7204B|20|47|14|14.0|7.85|13000|18000
22|7005C|25|47|12|11.5|7.45|12000|17000
23|7005AC|25|47|12|11.2|7.08|12000|17000
24|7205C|25|52|15|16.5|10.5|11000|16000
25|7205AC|25|52|15|15.8|9.88|11000|16000
26|7205B|25|52|15|15.8|9.45|9500|14000
27|7305B|25|62|17|26.2|15.2|8500|12000
28|7006C|30|55|13|15.2|10.2|9500|14000
29|7006AC|30|55|13|14.5|9.85|9500|14000
30|7206C|30|62|16|23.0|15.0|9000|13000
31|7206AC|30|62|16|22.0|14.2|9000|13000
32|7206B|30|62|16|20.5|13.8|8500|12000
33|7306B|30|72|19|31.0|19.2|7500|10000
34|7007C|35|62|14|19.5|14.2|8500|12000
35|7007AC|35|62|14|18.5|13.5|8500|12000
36|7207C|35|72|17|30.5|20.0|8000|11000
37|7207AC|35|72|17|29.0|19.2|8000|11000
38|7207B|35|72|17|27.0|18.8|7500|10000
39|7307B|35|80|21|38.2|24.5|7000|9500
40|7008C|40|68|15|20|15.2|8000|11000
41|7008AC|40|68|15|19.0|14.5|8000|11000
42|7208C|40|80|18|36.8|25.8|7500|10000
43|7208AC|40|80|18|35.2|24.5|7500|10000
44|7208B|40|80|18|32.5|23.5|6700|9000
45|7308B|40|90|23|46.2|30.5|6300|8500
46|7408B|40|110|27|67.0|47.5|6000|8000
47|7009C|45|75|16|25.8|20.5|7500|10000
48|7009AC|45|75|16|25.8|19.5|7500|10000
49|7209C|45|85|19|38.5|28.5|6700|9000
50|7209AC|45|85|19|36.8|27.2|6700|9000
51|7209B|45|85|19|36.0|26.2|6300|8500
52|7309B|45|100|25|59.5|39.8|6000|8000
53|7010C|50|80|16|26.5|22.0|6700|9000
54|7010AC|50|80|16|25.2|21.0|6700|9000
55|7210C|50|90|20|42.8|32.0|6300|8500
56|7210AC|50|90|20|40.8|30.5|6300|8500
57|7210B|50|90|20|37.5|29.0|5600|7500
58|7310B|50|110|27|68.2|48.0|5000|6700
59|7410B|50|130|31|95.2|64.2|5000|6700
60|7001C|55|90|18|37.2|30.5|6000|8000
61|7011AC|55|90|18|35.2|29.2|6000|8000
62|7211C|55|100|21|52.8|40.5|5600|7500
63|7211AC|55|100|21|50.5|38.5|5600|7500
64|7211B|55|100|21|46.2|36.0|5300|7000
65|7311 B|55|120|29|78.8|56.5|4500|6000
66|7012C|60|95|18|38.2|32.8|5600|7500
67|7012AC|60|95|18|36.2|31.5|5600|7500
68|7212C|60|110|22|61.0|48.5|5300|7000
69|7212AC|60|110|22|58.5|46.2|5300|7000
70|7212B|60|110|22|56.0|44.5|4800|6300
71|7312B|60|130|31|90.0|66.3|4300|5600
72|7412B|60|150|35|118|85.5|4300|5600
73|7013C|65|100|18|40.0|35.5|5300|7000
74|7013AC|65|100|18|38.0|33.8|5300|7000
75|7213C|65|120|23|69.8|55.2|4800|6300
76|7213AC|65|120|23|66.5|52.5|4800|6300
77|7213B|65|120|23|62.5|53.2|4300|5600
78|7313B|65|140|33|102|77.8|4000|5300
79|7014C|70|110|20|48.2|43.5|5000|6700
80|7014AC|70|110|20|45.8|41.5|5000|6700
81|7214C|70|125|24|70.2|60.0|4500|6700
82|7214AC|70|125|24|69.2|57.5|4500|6700
83|7214B|70|125|24|70.2|57.2|4300|5600
84|7314B|70|150|35|115|87.2|3600|4800
85|7015C|75|115|20|49.5|46.5|4800|6300
86|7015AC|75|115|20|46.8|44.2|4800|6300
87|7215C|75|130|25|79.2|65.8|4300|5600
88|7215AC|75|130|25|75.2|63.0|4300|5600
89|7215B|75|130|25|72.8|63.0|4000|5300
90|7315B|75|160|37|125|98.5|3400|4500
91|7016C|80|125|22|58.5|55.8|4500|6000
92|7016AC|80|125|22|55.5|53.2|4500|6000
93|7216C|80|140|26|89.5|78.2|4000|5300
94|7216AC|80|140|26|85.0|74.5|4000|5300
95|7216B|80|140|26|80.2|69.5|3600|4800
96|7316B|80|170|39|135|110|3600|4800
97|7017C|85|130|22|62.5|60.2|4300|5600
98|7017AC|85|130|22|59.2|57.2|4300|5600
99|7217C|85|150|28|99.8|85.0|3800|5000
100|7217AC|85|150|28|94.8|81.5|3800|5000
101|7217B|85|150|28|93.0|81.5|3400|4500
102|7317B|85|180|41|48|122|3000|4000
103|7018C|90|140|24|71.5|69.8|4000|5300
104|7018AC|90|140|24|67.5|66.5|4000|5300
105|7218C|90|160|30|22|105|3600|4800
106|7218AC|90|160|30|18|100|3600|4800
107|7218B|90|160|30|05|94.5|3200|4300
108|7318B|90|190|43|58|138|2800|3800
109|7019C|95|145|24|73.5|73.2|3800|5000
110|7019AC|95|145|24|69.5|69.8|3800|5000
111|7219C|95|170|32|35|115|3400|4500
112|7219AC|95|170|32|28|108|3400|4500
113|7219B|95|170|32|20|108|3000|4000
114|7319B|95|200|45|72|155|2800|3800
115|7O20C|100|150|24|79.2|78.5|3800|5000
116|7020AC|100|150|24|75|74.8|3800|5000
117|7220C|100|180|34|148|128|3200|4300
118|7220AC|100|180|34|142|122|3200|4300
119|7220B|100|180|34|130|115|2600|3600
120|7230B|100|215|47|188|180|2400|3400
121|7021C|105|160|26|88.5|88.8|3600|4800
122|7021AC|105|160|26|83.8|84.2|3600|4800
123|7221C|105|190|36|162|145|3000|4000
124|7221AC|105|190|36|155|138|3000|4000
125|7221B|105|190|36|142|130|2600|3600
126|7321B|105|225|49|202|195|2200|3200
127|7022C|110|170|28|100|102|3600|4800
128|7022AC|110|170|28|95.5|97.2|3600|4800
129|7222C|110|200|38|175|162|2800|3800
130|7222AC|110|200|38|168|155|2800|3800
131|7222B|110|200|38|155|145|2400|3400
132|7322B|110|240|50|225|225|2000|3000
133|7024C|120|180|28|108|110|2800|3800
134|7024AC|120|180|28|102|105|2800|3800
135|7224C|120|215|40|188|180|2400|3400
136|7224AC|120|215|40|180|172|2400|3400
137|7026C|130|200|33|128|135|2600|3600
138|7026AC|130|200|33|122|128|2600|3200
139|7226C|130|230|40|205|210|2200|3200
140|7226AC|130|230|40|195|200|2200|3200
141|7028C|140|210|33|140|145|2400|3400
142|7028AC|140|210|33|140|150|2200|3200
143|7228C|140|250|42|230|245|1900|2800
144|7228AC|140|250|42|230|235|1900|2800
145|7328B|140|300|62|288|315|1700|2400
146|7030C|150|225|35|160|155|2200|3200
147|7030AC|150|225|35|152|168|2000|3000
148|7232C|160|290|48|262|298|1700|2400
149|7232AC|160|290|48|248|278|1700|2400
150|7034AC|170|260|42|192|222|1800|2600
151|7234C|170|310|52|322|390|1600|2200
152|7234AC|170|310|52|305|368|1600|2200
153|7236C|180|320|52|335|415|1500|2000
154|7236AC|180|320|52|315|388|1500|2000
155|7038AC|190|290|46|215|262|1600|2200
156|7040AC|200|310|51|252|325|1500|2000
157|7240C|200|360|58|360|475|1300|1800
158|7240AC|200|360|58|345|448|1300|1800
159|7244AC|220|400|65|358|482|1100|1600
Total: 159
=== 圆锥滚子轴承 === (12 cols)
ID|BCode|d|DD|T|e|Y|Yo|Cr|Cor|nlimz|nlimy
1|30302|15|42|14|0.29|2.1|1.2|22.8|21.5|9000|12000
2|30203|17|40|13|0.35|1.7|1|20.8|21.8|9000|12000
3|30303|17|47|15|0.29|2.1|1.2|28.2|27.2|8500|11000
4|32303|17|47|20|0.29|2.1|1.2|35.2|36.2|8500|11000
5|32904|20|37|12|0.32|1.9|1|13.2|17.5|9500|13000
6|32004|20|42|15|0.37|1.6|0.9|25.0|28.2|8500|11000
7|30204|20|47|15|0.35|1.7|1|28.2|30.5|8000|10000
8|30304|20|52|16|0.3|2|1.1|33.0|33.2|7500|9500
9|32304|20|52|22|0.3|2|1.1|42.8|46.2|7500|9500
10|329/22|22|40|12|0.32|1.9|1|15.0|20.0|8500|11000
11|320/22|22|44|15|0.40|1.5|0.8|26.0|30.2|8000|10000
12|32905|25|42|12|0.32|1.9|1|16.0|21.0|6300|10000
13|32005|25|47|15|0.43|1.4|0.8|28.0|34.0|7500|9500
14|33005|25|47|17|0.29|2.1|1.1|32.5|42.5|7500|9500
15|30205|25|52|16|0.37|1.6|0.9|32.2|37.0|7000|9000
16|33205|25|52|22|0.35|1.7|0.9|47.0|55.8|7000|9000
17|30305|25|62|18|0.3|2|1.1|46.8|48.0|6300|8000
18|31305|25|62|18|0.83|0.7|0.4|40.5|46.0|6300|8000
19|32305|25|62|25|0.3|2|1.1|61.5|68.8|6300|8000
20|329/28|28|45|12|0.32|1.9|1|16.8|22.8|7500|9500
21|320/28|28|52|16|0.43|1.4|0.8|31.5|40.5|6700|8500
22|332/28|28|58|24|0.34|1.8|1.0|58.0|68.2|6300|8000
23|32906|30|47|12|0.32|1.9|11|17.0|23.2|7000|9000
24|32006 X2|30|55|17|0.26|2.3|1.3|27.8|35.5|6300|8000
25|32006|30|55|17|0.43|1.4|0.8|35.8|46.8|6300|8000
26|33006|30|55|20|0.29|2.1|1.1|43.2|58.8|6300|8000
27|30206|30|62|17|0.37|1.6|0.9|43.2|50.5|6000|7500
28|32206|30|62|21|0.37|1.6|0.9|51.8|63.8|6000|7500
29|33206|30|62|25|0.34|1.8|1|63.8|75.5|6000|7500
30|30306|30|72|21|0.31|1.9|1.1|59.0|63.0|5600|7000
31|31306|30|72|21|0.83|0.7|0.4|52.5|60.5|5600|7000
32|32306|30|72|29|0.31|1.9|1.1|81.5|96.5|5600|2000
33|329/32|32|52|14|0.32|1.9|1|23.8|32.5|6300|8000
34|320/32|32|58|17|0.45|1.3|0.7|36.5|49.2|6000|7500
35|332/32|32|65|26|0.35|1.7|1|68.8|82.2|5600|7000
36|32907|35|55|14|0.29|2.1|1.1|25.8|34.8|6000|7500
37|32007 X2|35|62|18|0.29|2.1|1.1|33.8|47.2|5600|7000
38|32007|35|62|18|0.44|1.4|0.8|43.2|59.2|5600|7000
39|33007|35|62|21|0.31|2|1.1|46.8|63.2|5600|7000
40|30207|35|72|18|0.37|1.6|0.9|54.2|63.5|5300|6700
41|32207|35|72|24|0.37|1.6|0.9|70.5|89.5|5300|6700
42|33207|35|72|28|0.35|1.7|0.9|82.5|102|5300|6700
43|30307|35|80|23|0.31|1.9|1.1|75.2|82.5|5000|6300
44|31307|35|80|23|0.83|0.7|0.4|65.8|76.8|5000|6300
45|32307|35|80|33|0.31|1.9|1.1|99.0|118|5000|6300
46|32908 X2|40|62|15|0.28|2.1|1.2|21.2|28.2|5600|7000
47|32908|40|62|15|0.29|2.1|11.1|31.5|46.0|5600|7000
48|32008 X2|40|68|19|0.3|2|1.1|39.8|55.2|5300|6700
49|32008|40|68|19|0.38|1.6|0.9|51.8|71.0|5300|6700
50|33008|40|68|22|0.28|2.1|1.2|60.2|79.5|5300|6700
51|33108|40|75|26|0.36|1.7|0.9|84.8|110|5000|6300
52|30208|40|80|20|0.37|1.6|0.9|63.0|74.0|5000|6300
53|32208|40|80|25|0.37|1.6|0.9|77.8|77.2|5000|6300
54|33208|40|80|32|0.36|1.7|0.9|105|135|5000|6300
55|30308|40|90|25|0.35|1.7|1|90.8|108|4500|5600
56|31308|40|90|25|0.83|0.7|0.4|81.5|96.5|4500|5600
57|32308|40|90|35|0.35|1.7|1|115|148|4500|5600
58|32909 X2|45|68|15|0.31|1.9|1.1|22.2|32.8|5300|6700
59|32909|45|68|15|0.32|1.7|1|32.0|48.5|5300|6700
60|32009 X2|45|75|20|0.3|2|1.1|44.5|62.5|5000|6300
61|32009|45|75|20|0.39|1.5|0.8|58.5|81.5|5000|6300
62|33009|45|75|24|0.32|1.9|1|72.5|100|5000|6300
63|33109|45|80|26|0.38|1.6|1|87.0|118|4500|5600
64|30209|45|86|21|0.4|1.5|0.8|67.8|83.5|4500|5600
65|32209|45|85|25|0.4|1.5|0.8|80.8|105|4500|5600
66|33209|45|85|32|0.39|1.5|0.9|110|145|4500|5600
67|30309|45|100|27|0.35|1.7|1|108|130|4000|5000
68|31309|45|100|27|0.83|0.7|0.4|95.5|115|4000|5000
69|32309|45|100|38|0.35|1.7|1|145|188|4000|5000
70|32910 X2|50|72|15|0.35|1.7|0.9|22.2|32.8|5000|6300
71|32910|50|72|15|0.34|1.8|1|36.8|56.0|5000|6300
72|32010 X2|50|80|20|0.32|1.9|1|45.8|66.2|4500|5600
73|32010|50|80|20|0.42|1.4|0.8|61.0|89.0|4500|5600
74|33010|50|30|24|0.32|1.9|1|76.8|110|4500|5600
75|33110|50|85|26|0.41|1.5|0.8|89.2|125|4300|5300
76|30210|50|90|22|0.42|1.4|0.8|73.2|92.0|4300|5300
77|32210|50|90|25|0.42|1.4|0.8|82.8|108|4300|5300
78|33210|50|90|32|0.41|1.5|0.8|112|155|4300|5300
79|30310|50|110|29|0.35|1.7|1|130|158|3800|4800
80|31310|50|110|29|0.83|0.7|0.4|108|128|3800|4800
81|32310|50|110|42|0.35|1.7|1|178|235|3800|4800
82|32911|55|80|17|1.31|1.9|1.1|41.5|66.8|4800|6000
83|32011 X2|55|90|23|0.31|1.9|1.1|63.8|93.2|4000|5000
84|32011|55|90|23|0.41|1.5|0.8|80.2|118|4000|5000
85|33011|55|90|27|0.31|1.9|1.1|94.8|145|4000|5000
86|33111|55|95|30|0.37|1.6|0.9|115|165|3800|4800
87|30211|55|100|23|0.4|1.5|0.8|90.8|115|3800|4800
88|32211|55|100|27|0.4|1.5|0.8|108|142|3800|4800
89|33211|55|100|35|0.4|1.5|0.8|142|198|3800|4800
90|30311|55|120|32|0.35|1.7|1|152|188|3400|4300
91|31311|55|120|32|0.83|0.7|0.4|130|158|3400|4300
92|32311|55|120|46|0.35|1.7|1|202|270|3400|4300
93|32912 X2|60|85|17|0.38|1.6|0.9|34.5|56.5|4000|5000
94|32912|60|85|17|0.33|1.8|1|46.0|73.0|4000|5000
95|32012 X2|60|95|23|0.33|1.8|1|64.8|98.0|3800|4800
96|32612|60|95|23|0.43|1.4|0.8|81.8|122|3800|4800
97|33012|60|95|27|0.33|1.8|1|96.8|150|3800|4800
98|33112|60|100|30|0.4|1.5|0.8|118|172|3600|4500
99|30212|60|110|24|0.4|1.5|0.8|102|130|3600|4500
100|32212|60|110|30|0.4|1.5|0.8|132|180|3600|4500
101|33212|60|110|38|0.4|1.5|0.8|165|230|3600|4500
102|30312|60|130|34|0.35|1.7|1|170|210|3200|40000
103|31312|60|130|34|0.83|0.7|0.4|145|178|3200|4000
104|32312|60|130|48|0.35|1.7|1|228|302|3200|4000
105|32913|65|90|17|0.35|1.7|0.9|45.5|73.2|3800|4800
106|32013 X2|65|100|23|0.35|1.7|0.9|67.0|I02|3600|4500
107|32013|65|100|23|0.46|1.3|0.7|82.8|128|3600|4500
108|33013|65|100|27|0.35|1.7|1|98.0|158|3600|4500
109|33113|65|110|34|0.39|1.6|0.9|142|220|3400|4300
110|30213|65|120|25|0.4|1.5|0.8|120|152|3200|4000
111|32213|65|120|33|0.4|1.5|0.8|160|222|3200|4000
112|33213|65|120|41|0.39|1.5|0.9|202|282|3200|4000
113|30313|65|140|36|0.35|1.7|1|195|242|2800|3600
114|31313|65|140|36|0.83|0.7|0.4|165|202|2800|3600
115|32313|65|140|51|0.35|1.7|1|260|350|2800|3600
116|32914 X2|70|100|20|0.33|1.8|1|53.2|85.5|3600|4500
117|32914|70|100|20|0.32|1.9|1|70.8|115|3600|4500
118|32014 X2|70|110|25|0.34|1.8|1|83.8|128|3400|4300
119|32014|70|110|25|0.43|1.4|0.8|105|160|3400|4300
120|33014|70|110|31|0.28|2|1|135|220|3400|4300
121|33114|70|120|37|0.39|1.5|1.2|172|268|3200|4000
122|30214|70|125|26|0.42|1.4|0.8|132|175|3000|3800
123|32214|70|125|33|0.42|1.4|0.8|168|238|3000|3800
124|33214|70|125|41|0.41|1.5|0.8|208|298|3000|3800
125|30314|70|150|38|0.35|1.7|1|218|272|2600|3400
126|31314|70|150|38|0.83|0.7|0.4|188|230|2600|3400
127|32314|70|150|54|0.35|1.7|1|298|408|2600|3400
128|32915|75|105|20|0.33|1.8|1|78.2|125|3400|4300
129|32015 X2|75|115|25|0.35|1.7|0.9|85.2|135|3200|4000
130|32015|75|115|25|0.46|1.3|0.7|102|160|3200|4000
131|33015|75|115|31|0.3|2|1|132|220|3200|4000
132|33115|75|125|37|0.4|1.5|0.8|175|280|3000|3800
133|30215|75|130|27|0.44|1.4|0.8|138|185|2800|3600
134|32215|75|130|33|0.44|1.4|0.8|170|242|2800|3600
135|33215|75|130|41|0.43|1.4|0.8|208|300|2800|3600
136|30315|75|160|40|0.35|1.7|1|252|318|2400|3200
137|31315|75|160|40|0.83|0.7|0.4|208|258|2400|3200
138|32315|75|160|58|0.35|1.7|1|348|482|2400|3200
139|32916|80|110|20|0.35|1.7|0.9|79.2|128|3200|4000
140|32016 X2|80|125|29|0.34|1.8|1|102|162|3000|3800
141|32016|80|125|29|0.42|1.4|0.8|140|220|3000|3800
142|33016|80|125|36|0.28|2.2|1.2|182|305|3000|3800
143|33116|80|130|37|0.42|1.4|0.8|180|292|2800|3600
144|30216|80|140|28|0.42|1.4|0.8|160|212|2600|3400
145|32216|80|140|35|0.42|1.4|0.8|198|278|2600|3400
146|33216|80|140|46|0.43|1.4|0.8|245|362|2600|3400
147|30316|80|170|42|0.35|1.7|1|278|352|2200|3000
148|31316|80|170|42|0.83|0.7|0.4|230|288|2200|3000
149|32316|80|170|62|0.35|1.7|1|388|542|2200|3000
150|32917 X2|85|120|23|0.26|2.3|1.3|74.2|125|3400|3800
151|32917|85|120|23|0.33|1.8|1|96.8|165|3400|3800
152|32017 X2|85|130|29|0.35|1.7|0.9|105|170|2800|3600
153|32017|85|130|29|0.44|1.4|0.8|140|220|2800|3600
154|33017|85|130|36|0.29|2.1|1.1|180|305|2800|3600
155|33117|85|140|41|0.41|1.5|0.8|215|355|2600|3400
156|30217|85|150|30|0.42|1.4|0.8|178|238|2400|3200
157|32217|85|150|38|0.42|1.4|0.8|228|325|2400|3200
158|33217|85|150|49|0.42|1.4|0.8|282|415|2400|3200
159|30317|85|180|44|0.35|1.7|1|305|388|2000|2800
160|31317|85|180|44|0.83|0.7|0.4|255|318|2000|2800
161|32317|85|180|64|0.35|1.7|1|422|592|2000|2800
162|32918 X2|90|125|23|0.38|1.6|0.9|77.8|140|3200|3600
163|32918|90|125|23|0.34|1.8|1|95.8|165|3200|3600
164|32018 X2|90|140|32|0.34|1.8|1|122|192|2600|3400
165|32018|90|140|32|0.42|1.4|0.8|170|270|2600|3400
166|33018|90|140|39|0.27|2.2|1.2|232|388|2600|3400
167|33118|90|150|45|0.4|1.5|0.8|252|415|2400|3200
168|30218|90|160|32|0.42|1.4|0.8|200|270|2200|3000
169|32218|90|160|42|0.42|1.4|0.8|270|395|2200|3000
170|33218|90|160|55|0.4|1.5|0.8|330|500|2200|3000
171|30318|90|190|46|0.35|1.7|1|342|440|1900|2600
172|31318|90|190|46|0.83|0.7|0.4|282|358|1900|2600
173|32318|90|190|68|0.35|1.7|1|478|682|1900|2600
174|32919|95|130|23|0.36|1.7|0.9|97.2|170|2600|3400
175|32019 X2|95|145|32|0.36|1.7|0.9|122|192|2400|3200
176|32109|95|145|32|0.44|1.4|0.8|175|280|2400|3200
177|33019|95|145|39|0.28|2.2|1.2|230|390|2400|3200
178|33119|95|160|49|0.39|1.5|0.8|298|498|2200|3000
179|30219|95|170|34|0.42|1.4|0.8|228|308|2000|2800
180|32219|95|170|46|0.42|1.4|0.8|302|448|2000|2800
181|33219|95|170|58|0.41|1.5|0.8|378|568|2000|2800
182|30319|95|200|50|0.35|1.7|1|370|478|1800|2400
183|31319|95|200|50|0.83|0.7|0.4|310|400|1800|2400
184|32319|95|200|72|0.35|1.7|1|515|738|1800|2400
185|32920|100|140|25|0.33|1.8|1|128|218|2400|3200
186|32020 X2|100|150|32|0.37|1.9|0.9|125|205|2200|3000
187|32020|100|150|32|0.46|1.3|0.7|172|282|2200|3000
188|33020|100|150|39|0.29|2.1|1.2|230|390|2200|3000
189|33120|100|165|52|0.41|1.5|0.8|308|528|2000|2800
190|30220|100|180|37|0.42|1.4|0.8|255|350|1900|2600
191|32220|100|180|49|0.42|1.4|0.8|340|512|1900|2600
192|33220|100|180|63|0.4|1.5|0.8|438|665|1900|2600
193|30320|100|215|52|0.35|1.7|1|405|525|1600|2000
194|31320|100|215|56|0.83|0.7|0.4|372|488|1600|2000
195|32320|100|215|78|0.35|1.7|1|600|872|1600|2000
196|32921|105|145|25|0.34|1.8|1|128|225|2200|3000
197|32021 X2|105|160|35|0.36|1.7|0.9|162|270|2000|2800
198|32021|105|160|35|0.44|1.4|0.7|205|335|2000|2800
199|33021|105|160|43|0.28|2.1|1.2|258|438|2000|2800
200|33121|105|175|56|0.4|1.5|0.8|352|608|1900|2600
201|30221|105|190|39|0.42|1.4|0.8|285|398|1800|2400
202|32221|105|190|53|0.42|1.4|0.8|380|578|1800|2400
203|33221|105|190|68|0.4|1.5|0.8|498|770|1800|2400
204|30321|105|225|54|0.35|1.7|1|432|562|1500|1900
205|31321|105|225|58|0.83|0.7|0.4|398|525|1500|1900
206|32321|105|225|82|0.35|1.7|1|648|945|1500|1900
207|32922 X2|110|150|25|0.28|2.1|1.2|85.5|148|2000|2800
208|32922|110|150|25|0.36|1.7|0.9|130|232|2000|2800
209|32022 X2|110|170|38|0.35|1.7|0.9|182|302|1900|2600
210|32022|110|170|38|0.43|1.4|0.8|245|402|1900|2600
211|33022|110|170|47|0.29|2.1|1.2|288|502|1900|2600
212|33122|110|180|56|0.42|1.4|0.8|372|638|1800|2400
213|30222|110|200|41|0.42|1.4|0.8|315|445|1700|2200
214|32222|110|200|56|0.42|1.4|0.8|430|665|1700|2200
215|30322|110|240|54|0.35|1.7|1|472|612|1400|1800
216|31322|110|240|63|0.83|0.7|0.4|458|610|1400|1800
217|32322|110|240|84|0.35|1.7|1|725|1060|1400|1800
218|32924|120|165|29|0.35|1.7|1|172|318|1800|2400
219|32024 X2|120|180|38|0.37|1.6|0.9|198|338|1700|2200
220|32024|120|180|38|0.46|1.3|0.7|242|405|1700|2200
221|33024|120|180|48|0.31|2|1,1|298|535|1700|2200
222|33124|120|200|62|0.40|1.5|0.8|448|778|1600|2000
223|30224|120|215|44|0.44|1.4|0.8|338|482|1500|1900
224|32224|120|215|62|0.44|1.4|0.8|478|758|1500|1900
225|30324|120|260|60|0.35|1.7|1|562|745|1300|1700
226|31324|120|260|68|0.83|0.7|0.4|535|725|1300|1700
227|32324|120|260|90|0.35|1.7|1|825|1230|1300|1700
228|32926 X2|130|180|32|0.27|2.2|1.2|142|260|1700|2200
229|32926|130|180|32|0.34|1.8|1|205|380|1700|2200
230|32026 X2|130|200|45|0.35|1.7|0.9|242|418|1600|2000
231|32026|130|200|45|0.43|1.4|0.8|335|568|1600|2000
232|33026|130|200|55|0.34|1.8|1|400|728|1600|2000
233|30226|130|230|44|0.44|1.4|0.8|365|520|1400|1800
234|32226|130|230|68|0.44|1.4|0.8|552|888|1400|1800
235|30326|130|280|64|0.35|1.7|1|640|855|1100|1500
236|31326|130|280|72|0.83|0.7|0.4|592|805|1100|1500
237|32928 X2|140|190|32|0.29|2.1|1.1|145|265|1600|2000
238|32928|140|190|32|0.36|1.7|0.9|208|392|1600|2000
239|32028 X2|140|210|45|0.37|1.6|0.9|258|452|1400|1800
240|32028|140|210|45|0.46|1.3|0.7|330|568|1400|1800
241|33028|140|210|56|0.36|1.7|0.9|408|755|1400|1800
242|30228|140|250|46|0.44|1.4|0.8|408|585|1200|1600
243|32228|140|250|72|0.44|1.4|0.8|645|1050|1200|1600
244|30328|140|300|68|0.35|1.7|1|722|975|1000|1400
245|31328|140|300|77|0.83|0.7|0.4|678|928|1000|1400
246|32930 X2|150|210|38|0.27|2.2|1.2|198|368|1400|1800
247|32930|150|210|38|0.33|1.8|1|260|510|1400|1800
248|32030 X2|150|225|48|0.37|1.6|0.9|292|525|1300|1700
249|32030|150|225|48|0.46|1.3|0.7|368|635|1300|1700
250|33030|150|225|59|0.36|1.7|0.9|460|875|1300|1700
251|30230|150|270|49|0.44|1.4|0.8|450|645|1100|1500
252|32230|150|270|77|0.44|1.4|0.8|720|1180|1100|1500
253|30330|150|320|72|0.35|1.7|1|802|1090|950|1300
254|31330|150|320|82|0.83|0.7|0.4|772|1070|950|1300
255|32932 X2|160|220|38|0.27|2.2|1.2|218|405|1300|1700
256|32932|160|220|38|0.35|1.7|1|262|525|1300|1700
257|32032 X2|160|240|51|0.37|1.6|0.9|345|632|1200|1600
258|32032|160|240|51|0.46|1.3|0.7|420|735|1200|1600
259|30232|160|290|52|0.44|1.4|0.8|512|738|1000|1400
260|32232|160|290|84|0.44|1.4|0.8|858|1430|1000|1400
261|30332|160|340|75|0.35|1.7|1|878|1190|900|1200
262|32934 X2|170|230|38|0.28|2.1|1.2|222|418|1200|1600
263|32934|170|230|38|0.38|1.6|0.9|280|560|1200|1600
264|32034 X2|170|260|57|0.31|1.9|1.1|385|728|1100|1500
265|32034|170|260|57|0.44|1.4|0.7|520|920|1100|1500
266|30234|170|310|57|0.44|1.4|0.8|590|865|1000|1300
267|32234|170|310|91|0.44|1.4|0.8|968|1640|1000|1300
268|30334|170|360|80|0.35|1.7|1|995|1370|850|1100
269|32936|180|250|45|0.48|1.3|0.7|340|708|1100|1500
270|32036 X2|180|280|64|0.4|1.5|0.8|502|890|1000|1400
271|32036|180|280|64|0.42|1.4|0.8|640|1150|1000|1400
272|30236|180|320|57|0.45|1.3|0.7|610|912|900|1200
273|32236|180|320|91|0.45|1.3|0.7|998|1720|900|1200
274|30336|180|380|83|0.35|1.7|1|1090|1500|900|1100
275|32938 X2|190|260|45|0.38|1.6|0.9|292|580|1000|1400
276|32938|190|260|45|0.48|1.3|0.7|360|740|1000|1400
277|32038 X2|190|290|64|0.29|2.1|1.1|502|932|950|1300
278|32038|190|290|64|0.44|1.4|0.8|652|1180|950|1300
279|30238|190|340|60|0.44|1.4|0.8|698|1030|860|1100
280|32238|190|340|97|0.44|1.4|0.8|1120|1900|850|1100
281|32940 X2|200|280|51|0.39|1.5|0.8|345|710|950|1300
282|32940|200|280|51|0.39|1.5|0.8|460|950|950|1300
283|32040 X2|200|310|70|0.37|1.6|0.9|575|1120|900|1200
284|32040|200|310|70|0.43|1.4|0.8|782|1420|900|1200
285|30240|200|360|64|0.44|1.4|0.8|765|1140|800|1000
286|32240|200|360|104|0.41|1.5|0.8|1320|2180|800|1000
287|32944 X2|220|300|51|0.31|1.9|1.1|372|795|900|1200
288|32944|220|300|51|0.43|1.4|0.8|470|978|900|1200
289|32044 X2|220|340|76|0.35|1.7|0.9|702|1330|800|1000
290|32044|220|340|76|0.43|1.4|0.8|908|1670|800|1000
291|32948 X2|240|320|51|0.45|1.3|0.7|390|860|800|1000
292|32948|240|320|51|0.46|1.3|0.7|520|1060|800|1000
293|32048 X2|240|360|76|0.32|1.9|1|710|1420|700|900
294|32048|240|360|76|0.46|1.3|0.7|920|1730|700|900
295|32952 X2|260|360|64|0.3|2|1.1|525|1150|700|900
296|32952|260|360|64|0.41|1.5|0.8|688|1470|700|900
297|32052 X2|260|400|87|0.3|2|1.1|902|1810|670|850
298|32052|260|400|87|0.43|1.4|0.8|1120|2170|670|850
299|32956|280|380|64|0.43|1.4|0.7|745|1580|630|800
300|32056 X2|280|420|87|0.37|1.6|0.9|622|1940|600|750
301|32056|280|420|87|0.46|1.3|0.7|1190|2290|600|750
302|32960 X2|300|420|76|0.28|2.1|1.2|778|1700|600|750
303|32960|300|420|76|0.39|1.5|0.8|1020|2200|600|750
304|32060 X2|300|460|100|0.31|1.9|1.1|1050|2190|560|700
305|32060|300|460|100|0.43|1.4|0.8|1520|2940|560|700
306|32964 X2|320|440|76|0.3|2|1.1|798|1760|560|700
307|32964|320|440|76|0.42|1.4|0.8|1040|2320|560|700
308|32064 X2|320|480|100|0.42|1.4|0.8|1050|2190|530|670
309|32064|320|480|100|0.46|1.3|0.7|1540|3000|530|670
310|32968 X2|340|460|76|0.31|1.9|1.1|805|1830|530|670
311|32968|340|460|76|0.44|1.4|0.8|1050|2380|530|670
312|32972 X2|360|480|76|0.33|1.8|1|838|1940|500|630
313|32972|360|480|76|0.46|1.3|0.7|1060|2430|500|630
Total: 313
=== 推力球轴承 === (9 cols)
ID|BCode|d|DD|T|Ca|Coa|nlimz|nlimy
1|51100|10|24|9|10.0|14.0|6300|9000
2|51200|10|26|11|12.5|17.0|6000|8000
3|51101|12|26|9|10.2|15.2|6000|8500
4|51201|12|28|11|13.2|19.0|5300|7500
5|51102|15|28|9|10.5|16.8|5600|8000
6|51202|15|32|12|16.5|24.8|4800|6700
7|51103|17|30|9|10.8|18.2|5300|7500
8|51203|17|35|12|17.0|27.2|4500|6300
9|51104|20|35|10|14.2|24.5|4800|6700
10|51204|20|40|14|22.2|37.5|3800|5300
11|51304|20|47|18|35.0|55.8|3600|4500
12|51105|25|42|11|15.2|30.2|4300|6000
13|51205|25|47|15|27.8|50.5|3400|4800
14|51305|25|52|18|35.5|61.5|3000|4300
15|51405|25|60|24|55.5|89.2|2200|3400
16|51106|30|47|11|16.0|34.2|4000|5600
17|51206|30|52|16|28.0|54.2|3200|4500
18|51306|30|60|21|42.8|78.5|2400|3600
19|51406|30|70|28|72.5|125|1900|3000
20|51107|35|52|12|18.2|41.5|3800|5300
21|51207|35|62|18|39.2|78.2|2800|4000
22|51307|35|68|24|55.2|105|2000|3200
23|51407|35|80|32|86.8|155|1700|2600
24|51108|40|60|13|26.8|62.8|3400|4800
25|51208|40|68|19|47.0|98.2|2400|3600
26|51308|40|78|26|69.2|135|1900|3000
27|51408|40|90|36|112|205|1500|2200
28|51109|45|65|14|27.0|66.0|3200|4500
29|51209|45|73|20|47.8|105|2200|3400
30|51309|45|85|28|75.8|150|1700|2600
31|51409|45|100|39|140|262|1400|2000
32|51110|50|70|14|27.2|69.2|3000|4300
33|51210|50|78|22|48.5|112|2000|3200
34|51310|50|95|31|96.5|202|1600|2400
35|51410|50|110|43|160|302|1300|1900
36|51111|55|78|16|33.8|89.2|2800|4000
37|51211|55|90|25|67.5|158|1900|3000
38|51311|55|105|35|115|242|1500|2200
39|51411|55|120|48|182|355|1100|1700
40|51112|60|85|17|40.2|108|2600|3800
41|51212|60|95|26|73.5|178|1800|2800
42|51312|60|110|35|118|262|1400|2000
43|51412|60|130|51|200|395|1000|1600
44|51113|65|90|18|40.5|112|2400|3600
45|51213|65|100|27|74.8|188|1700|2600
46|51313|65|115|36|115|262|1300|1900
47|51413|65|140|56|215|448|900|1400
48|51114|70|95|18|40.8|115|2200|3400
49|51214|70|105|27|73.5|188|1600|2400
50|51314|70|125|40|148|340|1200|1800
51|51414|70|150|60|255|560|850|1300
52|51115|75|100|19|48.2|140|2000|3200
53|51215|75|110|27|74.8|198|1500|2200
54|51315|75|135|44|162|380|1100|1700
55|51415|75|160|65|268|615|800|1200
56|51116|80|105|19|48.5|145|1900|3000
57|51216|80|115|28|83.8|222|1400|2000
58|51316|80|140|44|160|380|1000|1600
59|51416|80|170|68|292|692|750|1100
60|51117|85|110|19|49.2|150|1800|2800
61|51217|85|125|31|102|280|1300|1900
62|51317|85|150|49|208|495|950|1500
63|51417|85|180|72|318|782|700|1000
64|51118|90|120|22|65.0|200|1700|2600
65|51218|90|135|35|115|315|1200|1800
66|51318|90|155|50|205|495|900|1400
67|51418|90|190|77|325|825|670|950
68|51120|100|135|25|85.0|268|1600|2400
69|51220|100|150|38|132|375|1100|1700
70|51320|100|170|55|235|595|800|1200
71|51420|100|210|85|400|1080|600|850
72|51122|110|145|25|87.0|288|1500|2200
73|51222|110|160|38|138|412|1000|1600
74|51322|110|190|63|278|755|700|1100
75|51422|110|230|95|490|1390|530|750
76|51124|120|155|25|87.0|298|1400|2000
77|51224|120|170|39|135|412|950|1500
78|51324|120|210|70|330|945|670|950
79|51424|120|250|102|412|1220|480|670
80|51126|130|170|30|108|375|1300|1900
81|51226|130|190|45|188|575|900|1400
82|51326|130|225|75|358|1070|600|850
83|51426|130|270|110|630|2010|430|600
84|51128|140|180|31|110|402|1200|1800
85|51228|140|200|46|190|598|850|1300
86|51328|140|240|80|395|1230|560|800
87|51428|140|280|112|630|2010|400|560
88|51130|150|190|31|110|415|1100|1700
89|51230|150|215|50|242|768|800|1200
90|51330|150|250|80|405|1310|530|750
91|51430|150|300|120|670|2240|380|530
92|51132|160|200|31|110|428|1000|1600
93|51232|160|225|51|240|768|750|1100
94|51332|160|270|87|470|1570|500|700
95|51134|170|215|34|135|528|950|1500
96|51234|170|240|55|280|915|700|1000
97|51334|170|280|87|470|1580|480|670
98|51136|180|225|34|135|528|900|1400
99|51236|180|250|56|285|958|670|950
100|51336|180|300|95|518|1820|430|600
101|51138|190|240|37|172|678|850|1300
102|51238|190|270|62|328|1160|630|900
103|51338|190|320|105|608|2220|400|560
104|51140|200|250|37|172|698|800|1200
105|51240|200|280|62|332|1210|600|850
106|51340|200|340|110|600|2220|360|500
107|51144|220|270|37|188|782|720|1100
108|51244|220|300|63|365|1360|560|800
109|51148|240|300|45|258|1040|700|1000
110|51248|240|340|78|468|1870|450|630
111|51348|240|380|112|692|2870|320|450
112|51152|260|320|45|270|1140|670|950
113|51252|260|360|79|488|2050|430|600
114|51156|280|350|53|338|1430|560|800
115|51256|280|380|80|490|2140|400|560
116|51160|300|380|62|415|1860|500|700
117|51260|300|420|95|578|2670|360|560
118|51164|320|400|63|418|1920|480|670
119|51264|320|440|95|612|2920|340|480
120|51168|340|420|64|428|2050|450|630
121|51268|340|460|96|620|3040|320|450
122|51368|340|540|160|1120|5720|150|220
123|51172|360|440|65|432|2110|430|600
124|51272|360|500|110|775|3940|260|380
125|51176|380|460|65|440|2210|430|600
126|51276|380|520|112|788|4120|240|360
127|51180|400|480|65|452|2320|400|560
128|51280|400|540|112|802|4310|220|340
129|51184|420|500|65|462|2480|380|530
130|51188|440|540|80|527|3000|360|500
131|51288|440|600|130|808|4430|180|280
132|51192|460|560|80|578|3310|320|450
133|51292|460|620|130|892|5230|170|260
134|51196|480|580|80|592|3490|300|430
135|511/500|500|600|80|595|3570|280|400
136|512/500|500|670|135|1020|6200|150|220
137|511/530|530|640|85|708|4000|260|380
138|512/630|630|850|175|1320|9300|100|160
139|511/670|670|800|105|860|5020|160|240
140|511/750|750|900|90|768|5900|160|240
Total: 140
=== 推力滚子轴承 === (9 cols)
ID|BCode|d|DD|T1|H|Ca|Coa|nlimy
1|29412|60|130|42|38|319|897|2400
2|29413|65|140|45|42|371|1048|2200
3|29414|70|150|48|44|416|1198|2000
4|29415|75|160|51|47|468|1367|1900
5|29416|80|170|54|50|532|1563|1800
6|29317|85|150|39|50|326|1037|2200
7|29417|85|180|58|54|582|1708|1700
8|29318|90|155|39|52|335|1089|2200
9|29418|90|190|60|56|642|1904|1600
10|29320|100|170|42|58|390|1284|2000
11|29420|100|210|67|62|778|2343|1400
12|29322|110|190|48|64|487|1625|1800
13|29422|110|230|73|69|923|2854|1300
14|29324|120|210|54|70|620|2066|1600
15|29424|120|250|78|74|1074|3308|1200
16|29326|130|225|58|76|663|2235|1500
17|29426|13|270|85|81|1249|3918|1100
18|29328|140|240|60|82|719|2539|1400
19|29428|140|280|85|86|1288|4133|1000
20|29330|150|250|60|87|781|2763|1300
21|29430|150|300|90|92|1452|4680|950
22|29332|160|270|67|92|927|3253|1200
23|29432|160|320|95|99|1589|5315|900
24|29334|170|280|67|96|940|3358|1100
25|29434|170|340|103|104|1878|6265|850
26|29336|180|300|73|103|1111|4056|1000
27|29436|180|360|109|110|2056|6867|750
28|29338|190|320|78|110|1301|4861|900
29|29438|190|380|115|117|2297|7774|700
30|29240|200|280|48|108|612|2518|1400
31|29340|200|340|85|116|1430|5181|900
32|29440|200|400|122|122|2483|8368|700
33|29244|220|300|48|117|634|2705|1300
34|29344|220|360|85|125|1524|5661|850
35|29444|220|420|122|132|2588|8990|670
36|29248|240|340|60|130|915|3951|1100
37|29348|240|380|85|135|1583|6014|800
38|29448|240|440|122|142|2725|9771|630
39|29252|260|360|60|139|944|4207|1000
40|29352|260|420|95|148|1940|7716|750
41|29452|260|480|132|154|3247|11930|600
42|29256|280|380|60|150|954|4348|950
43|29356|280|440|95|158|2023|8207|670
44|29456|280|520|145|166|3753|13794|530
45|29260|300|420|73|162|1340|6057|900
46|29360|300|480|109|168|2554|10396|630
47|29460|300|540|145|175|3895|14689|480
48|29264|320|440|73|172|1406|6556|800
49|29364|320|500|109|180|2578|10691|600
50|29464|320|580|155|191|4537|17432|450
51|29268|340|460|73|183|1432|6838|800
52|29368|340|540|122|192|3052|12554|530
53|29468|340|620|170|201|5002|18866|430
54|29272|360|500|85|194|1796|8412|700
55|29372|360|560|122|202|3124|13114|500
56|29472|360|640|170|210|5295|20562|400
57|29276|380|520|85|202|1886|9107|670
58|29376|380|600|132|216|3560|15005|450
59|29476|380|670|175|230|5799|23345|380
60|29280|400|540|85|212|1906|9359|670
61|29380|400|620|132|225|3690|15865|450
62|29480|400|710|185|236|6073|24293|360
63|29284|420|580|95|225|2356|11571|600
64|29384|420|650|140|235|3673|17692|430
65|29484|420|730|185|244|6344|25562|340
66|29288|440|600|95|235|2466|12439|560
67|29388|440|680|145|245|4434|19229|400
68|29488|440|780|206|260|7271|28835|320
69|29292|460|620|95|245|2474|12643|530
70|29392|460|710|150|257|4762|21051|360
71|29492|460|800|206|272|7793|31810|300
72|29296|480|650|103|259|2694|13555|500
73|29396|480|730|150|270|4967|22458|340
74|29496|480|850|224|280|8525|34066|280
75|292/500|500|670|103|268|2782|14281|480
76|293/500|500|750|150|280|5002|22895|340
77|294/500|500|870|224|290|8796|35832|260
78|292/530|530|710|109|288|3152|16392|430
79|293/530|530|800|160|295|5721|26124|320
80|294/530|530|920|236|309|10158|42513|240
81|292/560|560|750|115|302|3429|17939|430
82|293/560|560|850|175|310|6630|31664|300
83|294/560|560|980|250|328|11346|47887|220
84|292/600|600|800|122|321|3816|20181|400
85|293/600|600|900|180|335|7189|35016|280
86|294/600|600|1030|258|347|12144|52890|200
87|292/630|630|850|132|338|4582|24547|360
88|293/630|630|950|190|345|7762|36393|260
89|294/630|630|1090|280|365|13540|57622|180
90|292/670|670|900|140|364|5005|26906|340
91|293/670|670|1000|200|372|8737|43170|240
92|294/670|670|1150|290|387|14531|61781|170
93|292/710|710|950|145|380|5395|29444|300
94|293/710|710|1060|212|394|9542|45242|220
95|294/710|710|1220|308|415|16789|74880|160
96|292/750|750|1000|150|406|5787|31990|280
97|293/750|750|1120|224|415|10605|51639|200
98|294/750|750|1280|315|436|17827|79617|150
99|292/800|800|1060|155|426|6359|35963|260
100|293/800|800|1180|230|440|11380|55789|190
101|294/800|800|1360|335|462|19908|89611|140
102|292/850|850|1120|160|453|6887|39733|240
103|293/850|850|1250|243|468|12597|62092|180
104|294/850|850|1440|354|494|21435|96756|130
105|292/900|900|1180|170|477|7409|42526|220
106|293/900|900|1320|250|496|13494|67595|170
Total: 106
=== 调心球轴承 === (10 cols)
ID|BCode|圆锥孔10000K|d|DD|B|Cr|Cor|nlimz|nlimy
1|1200|1200K|10|30|9|5.48|1.20|24000|28000
2|1200TN1|1200KTN1|10|30|9|5.40|1.20|24000|28000
3|2200|2200K|10|30|14|7.12|1.58|24000|28000
4|2200TN1|2200KTN1|10|30|14|8.00|1.70|24000|28000
5|1300|1300K|10|35|11|7.22|1.62|20000|24000
6|1300TN1|1300KTN1|10|35|11|7.22|1.62|20000|24000
7|2300|2300K|10|35|11|11.0|2.45|18000|22000
8|2300TN1|2300KTN1|10|35|11|10.8|2.40|18000|22000
9|1201|1201K|12|32|10|5.55|1.25|22000|26000
10|1201TN1|1201KTN1|12|32|10|6.20|1.40|22000|26000
11|2201|2201K|12|32|14|8.80|1.80|22000|26000
12|2201TN1|2201KTN1|12|32|14|8.50|1.90|22000|26000
13|1301|1301K|12|37|12|9.42|2.12|18000|22000
14|1301TN1|1301KTN1|12|37|12|9.40|2.10|18000|22000
15|2301|2301K|12|37|17|12.5|2.72|17000|22000
16|2301TN1|2301KTN1|12|37|17|11.5|2.60|17000|22000
17|1202|1202K|15|35|11|7.48|1.75|18000|22000
18|1202TN1|1202KTN1|15|35|11|7.40|1.70|18000|22000
19|2202|2202K|15|35|14|7.65|1.80|18000|22000
20|2202TN1|2202KTN1|15|35|14|9.20|2.10|18000|22000
21|1302|1302K|15|42|13|9.50|2.28|16000|20000
22|1302TN1|1302KTN1|15|42|13|10.8|2.60|16000|20000
23|2302|2302K|15|42|17|12.0|2.88|14000|18000
24|2302TN1|2302KTN1|15|42|17|11.8|2.90|14000|18000
Total: 24
